59175822705
59169583185
59169660372
59169739844
59175549211
59175918407
59169812564
59169415025
59176859489
59169130012
59169216985
59169638459
59176602233
59169203574
59177216406
59162051091
59169119291
59175865450
59178006467
59176603772
59169639792
59176931400
59169167760
59177873028
59162482190
59162323620
59169363941
59178064208
59175645180
59177773757
59175762160
59175875112
59162142762
59177643678
59162122424
59175784108
59169862421
59175080638
59162294289
59178000081
59169518933
59177635753
59178065766
59175700288
59177854919
59176418804
59178268068
59176217693
59175546443
59169840277
59176355834
59177415095
59175278422
59176574480
59169458045
59177755626
59175833951
59177178200
59162426995
59178424066
59177777338
59169295191
59176026025
59177559290
59176487323
59178063522
59162354321
59177885748
59169304087
59175704693
59176815022
59169562603
59177543697
59178016045
59177586888
59177594668
59176590172
59177086383
59176020031
59177087344
59177873594
59177745987
59176958405
59178099704
59176622469
59162673310
59177620617
59169955796
59177823512
59175732738
59169073226
59169127215
59176774256
59175967857
59169856287
59175524608
59178433680
59176272488
59175443570
59175492551
59175441986
59176870285
59175943842
59175545048
59175736698
59176893991
59176789543
